104.2
102.8
104.4
103.5
104.0
100.0
101.0
102.1
103.2
105.3
102.4
105.5
104.0
105.3
103.3
101.7
100.0
103.3
104.6
102.4
101.9
102.4
100.8
102.0
102.6
103.1
102.9
104.2
103.2
106.6
103.6
106.6
101.6
104.1
102.5
104.2
104.2
98.6
100.3
100.1
103.8
105.9
102.3
104.6
104.1
100.9
103.8
101.5
106.0
102.9
106.3
102.1
104.2
102.9
99.0
101.0
104.2
102.9
100.8
101.7
103.5
101.0
104.9
101.7
106.6
100.8
103.4
100.0
101.6
101.8
103.8
104.9
103.6
102.3
104.6
104.6
103.2
104.1
103.8
101.0
104.5
101.7
101.8
103.4
102.4
102.7
104.2
105.1
102.6
103.7
102.5
103.5
103.9
101.8
103.5
104.2
103.2
106.5
101.8
101.5
